# nbas=4, nocc=2, U=-3, U_lr=-3*0.75 
 1.1167315155522365E-02  1.6696324081977779E-01 -4.9023246316671915E-01  9.2839511785513765E-02 -4.7473325962509128E-01  1.6025382776911790E-01  3.4121234716001420E-01  5.9629917108170505E-01
 3.7900900844328067E-01  5.4783030675550570E-01 -1.5627111263931387E-01  5.0484137306672305E-01  1.0556678122056400E-01 -4.5778835950393737E-01 -2.3575276320900515E-01 -2.5588301200515327E-02
 3.7900900844328200E-01  5.4783030675550648E-01  1.5627111263931817E-01 -5.0484137306672161E-01 -1.0556678122056457E-01  4.5778835950393837E-01 -2.3575276320900063E-01 -2.5588301200517010E-02
 1.1167315155521341E-02  1.6696324081977548E-01  4.9023246316672048E-01 -9.2839511785513334E-02  4.7473325962509055E-01 -1.6025382776911945E-01  3.4121234716001342E-01  5.9629917108170549E-01
 5.9629917108170527E-01 -3.4121234716001358E-01  1.6025382776911767E-01  4.7473325962509133E-01  9.2839511785514015E-02  4.9023246316671909E-01  1.6696324081977809E-01 -1.1167315155522653E-02
-2.5588301200515598E-02  2.3575276320900485E-01 -4.5778835950393731E-01 -1.0556678122056413E-01  5.0484137306672228E-01  1.5627111263931262E-01  5.4783030675550615E-01 -3.7900900844328228E-01
-2.5588301200517187E-02  2.3575276320900107E-01  4.5778835950393842E-01  1.0556678122056512E-01 -5.0484137306672250E-01 -1.5627111263931812E-01  5.4783030675550470E-01 -3.7900900844328256E-01
 5.9629917108170627E-01 -3.4121234716001198E-01 -1.6025382776911834E-01 -4.7473325962509055E-01 -9.2839511785513931E-02 -4.9023246316672092E-01  1.6696324081977479E-01 -1.1167315155521589E-02
