# nbas=4, nocc=2, U=-3, U_lr=-3*0.75 
-1.1167315155522493E-02 -1.6696324081977812E-01  4.9023246316671909E-01 -9.2839511785513459E-02  4.7473325962509089E-01 -1.6025382776911765E-01 -3.4121234716001353E-01 -5.9629917108170527E-01
-3.7900900844328222E-01 -5.4783030675550648E-01  1.5627111263931343E-01 -5.0484137306672172E-01 -1.0556678122056351E-01  4.5778835950393693E-01  2.3575276320900515E-01  2.5588301200515674E-02
-3.7900900844328206E-01 -5.4783030675550459E-01 -1.5627111263931856E-01  5.0484137306672261E-01  1.0556678122056505E-01 -4.5778835950393848E-01  2.3575276320900043E-01  2.5588301200517371E-02
-1.1167315155521676E-02 -1.6696324081977459E-01 -4.9023246316672120E-01  9.2839511785513834E-02 -4.7473325962509016E-01  1.6025382776911923E-01 -3.4121234716001153E-01 -5.9629917108170616E-01
 5.9629917108170472E-01 -3.4121234716001370E-01  1.6025382776911762E-01  4.7473325962509116E-01  9.2839511785514098E-02  4.9023246316671859E-01  1.6696324081977801E-01 -1.1167315155522212E-02
-2.5588301200515577E-02  2.3575276320900529E-01 -4.5778835950393754E-01 -1.0556678122056397E-01  5.0484137306672316E-01  1.5627111263931268E-01  5.4783030675550592E-01 -3.7900900844328045E-01
-2.5588301200516545E-02  2.3575276320900077E-01  4.5778835950393865E-01  1.0556678122056441E-01 -5.0484137306672139E-01 -1.5627111263931778E-01  5.4783030675550626E-01 -3.7900900844328184E-01
 5.9629917108170527E-01 -3.4121234716001336E-01 -1.6025382776911914E-01 -4.7473325962509055E-01 -9.2839511785513390E-02 -4.9023246316672014E-01  1.6696324081977473E-01 -1.1167315155521407E-02
